close all;
clear;
clc;

%%
%FTBSEX

%Time: 0.000
%Delta T: 0.00250
 initial = [
 1     0.000
 2     0.000
 3     0.000
 4     0.000
 5     0.000
 6     2.000
 7     4.000
 8     6.000
 9     8.000
10    10.000
11    12.000
12    14.000
13    16.000
14    18.000
15    20.000
16    18.000
17    16.000
18    14.000
19    12.000
20    10.000
21     8.000
22     6.000
23     4.000
24     2.000
25     0.000
26     0.000
27     0.000
28     0.000
29     0.000
30     0.000
31     0.000
32     0.000
33     0.000
34     0.000
35     0.000
36     0.000
37     0.000
38     0.000
39     0.000
40     0.000
41     0.000
42     0.000
43     0.000
44     0.000
45     0.000
46     0.000
47     0.000
48     0.000
49     0.000
50     0.000
51     0.000
52     0.000
53     0.000
54     0.000
55     0.000
56     0.000
57     0.000
58     0.000
59     0.000
60     0.000
61     0.000
62     0.000
63     0.000
64     0.000
65     0.000
66     0.000
67     0.000
68     0.000
69     0.000
70     0.000
71     0.000
];

%Time: 0.075
%Delta T: 0.00250
mid = [
 1     0.000
 2     0.000
 3     0.000
 4     0.000
 5     0.000
 6     0.000
 7     0.000
 8     0.000
 9     0.000
10     0.000
11     0.000
12     0.000
13     0.000
14     0.000
15     0.000
16     0.000
17     0.000
18     0.000
19     0.000
20     0.000
21     2.000
22     4.000
23     6.000
24     8.000
25    10.000
26    12.000
27    14.000
28    16.000
29    18.000
30    20.000
31    18.000
32    16.000
33    14.000
34    12.000
35    10.000
36     8.000
37     6.000
38     4.000
39     2.000
40     0.000
41     0.000
42     0.000
43     0.000
44     0.000
45     0.000
46     0.000
47     0.000
48     0.000
49     0.000
50     0.000
51     0.000
52     0.000
53     0.000
54     0.000
55     0.000
56     0.000
57     0.000
58     0.000
59     0.000
60     0.000
61     0.000
62     0.000
63     0.000
64     0.000
65     0.000
66     0.000
67     0.000
68     0.000
69     0.000
70     0.000
71     0.000
];

%Time: 0.150
%Delta T: 0.00250
final = [
 1     0.000
 2     0.000
 3     0.000
 4     0.000
 5     0.000
 6     0.000
 7     0.000
 8     0.000
 9     0.000
10     0.000
11     0.000
12     0.000
13     0.000
14     0.000
15     0.000
16     0.000
17     0.000
18     0.000
19     0.000
20     0.000
21     0.000
22     0.000
23     0.000
24     0.000
25     0.000
26     0.000
27     0.000
28     0.000
29     0.000
30     0.000
31     0.000
32     0.000
33     0.000
34     0.000
35     0.000
36     2.000
37     4.000
38     6.000
39     8.000
40    10.000
41    12.000
42    14.000
43    16.000
44    18.000
45    20.000
46    18.000
47    16.000
48    14.000
49    12.000
50    10.000
51     8.000
52     6.000
53     4.000
54     2.000
55     0.000
56     0.000
57     0.000
58     0.000
59     0.000
60     0.000
61     0.000
62     0.000
63     0.000
64     0.000
65     0.000
66     0.000
67     0.000
68     0.000
69     0.000
70     0.000
71     0.000
];

figure('Name','Case 1a: FTBS Explicit dx = 1.0 dt = 0.005');
plot(initial(:,1), initial(:,2));
hold on;
plot(mid(:,1), mid(:,2));
plot(final(:,1), final(:,2));
xlim([1 71]);
ylim([0 22]);
grid on;
grid minor;
title('Case 1a: FTBS Explicit dx = 1.0 dt = 0.005')
xlabel('Tube Length') 
ylabel('Wave Amplitude')
legend({'t = 0.000 sec','t = 0.075 sec','t = 0.150 sec'},'Location','northeast')


% Time: 0.000
% Delta T: 0.00250
initial = [
 1     0.000
 2     0.000
 3     0.000
 4     0.000
 5     0.000
 6     2.000
 7     4.000
 8     6.000
 9     8.000
10    10.000
11    12.000
12    14.000
13    16.000
14    18.000
15    20.000
16    18.000
17    16.000
18    14.000
19    12.000
20    10.000
21     8.000
22     6.000
23     4.000
24     2.000
25     0.000
26     0.000
27     0.000
28     0.000
29     0.000
30     0.000
31     0.000
32     0.000
33     0.000
34     0.000
35     0.000
36     0.000
37     0.000
38     0.000
39     0.000
40     0.000
41     0.000
42     0.000
43     0.000
44     0.000
45     0.000
46     0.000
47     0.000
48     0.000
49     0.000
50     0.000
51     0.000
52     0.000
53     0.000
54     0.000
55     0.000
56     0.000
57     0.000
58     0.000
59     0.000
60     0.000
61     0.000
62     0.000
63     0.000
64     0.000
65     0.000
66     0.000
67     0.000
68     0.000
69     0.000
70     0.000
71     0.000];

% Time: 0.075
% Delta T: 0.00250
mid = [
 1     0.000
 2     0.000
 3     0.000
 4     0.000
 5     0.000
 6     0.000
 7     0.000
 8     0.000
 9     0.000
10     0.000
11     0.000
12     0.002
13     0.007
14     0.023
15     0.066
16     0.165
17     0.365
18     0.727
19     1.311
20     2.167
21     3.311
22     4.723
23     6.351
24     8.118
25     9.934
26    11.694
27    13.277
28    14.548
29    15.378
30    15.666
31    15.378
32    14.548
33    13.277
34    11.694
35     9.934
36     8.118
37     6.351
38     4.723
39     3.311
40     2.167
41     1.311
42     0.727
43     0.365
44     0.165
45     0.066
46     0.023
47     0.007
48     0.002
49     0.000
50     0.000
51     0.000
52     0.000
53     0.000
54     0.000
55     0.000
56     0.000
57     0.000
58     0.000
59     0.000
60     0.000
61     0.000
62     0.000
63     0.000
64     0.000
65     0.000
66     0.000
67     0.000
68     0.000
69     0.000
70     0.000
71     0.000];

% Time: 0.150
% Delta T: 0.00250
final = [
 1     0.000
 2     0.000
 3     0.000
 4     0.000
 5     0.000
 6     0.000
 7     0.000
 8     0.000
 9     0.000
10     0.000
11     0.000
12     0.000
13     0.000
14     0.000
15     0.000
16     0.000
17     0.000
18     0.000
19     0.000
20     0.000
21     0.000
22     0.001
23     0.002
24     0.004
25     0.011
26     0.024
27     0.051
28     0.103
29     0.196
30     0.351
31     0.595
32     0.961
33     1.478
34     2.171
35     3.056
36     4.132
37     5.378
38     6.756
39     8.204
40     9.649
41    11.004
42    12.180
43    13.091
44    13.669
45    13.866
46    13.669
47    13.091
48    12.180
49    11.004
50     9.649
51     8.204
52     6.756
53     5.378
54     4.132
55     3.056
56     2.171
57     1.478
58     0.961
59     0.595
60     0.351
61     0.196
62     0.103
63     0.051
64     0.024
65     0.011
66     0.004
67     0.002
68     0.001
69     0.000
70     0.000
71     0.000];

figure('Name','Case 2a: FTBS Explicit dx = 1.0 dt = 0.00250');
plot(initial(:,1), initial(:,2));
hold on;
plot(mid(:,1), mid(:,2));
plot(final(:,1), final(:,2));
xlim([1 71]);
ylim([0 22]);
grid on;
grid minor;
title('Case 2a: FTBS Explicit dx = 1.0 dt = 0.00250')
xlabel('Tube Length') 
ylabel('Wave Amplitude')
legend({'t = 0.000 sec','t = 0.075 sec','t = 0.150 sec'},'Location','northeast')

% Time: 0.000
% Delta T: 0.00125

initial = [
 1     0.000
 2     0.000
 3     0.000
 4     0.000
 5     0.000
 6     2.000
 7     4.000
 8     6.000
 9     8.000
10    10.000
11    12.000
12    14.000
13    16.000
14    18.000
15    20.000
16    18.000
17    16.000
18    14.000
19    12.000
20    10.000
21     8.000
22     6.000
23     4.000
24     2.000
25     0.000
26     0.000
27     0.000
28     0.000
29     0.000
30     0.000
31     0.000
32     0.000
33     0.000
34     0.000
35     0.000
36     0.000
37     0.000
38     0.000
39     0.000
40     0.000
41     0.000
42     0.000
43     0.000
44     0.000
45     0.000
46     0.000
47     0.000
48     0.000
49     0.000
50     0.000
51     0.000
52     0.000
53     0.000
54     0.000
55     0.000
56     0.000
57     0.000
58     0.000
59     0.000
60     0.000
61     0.000
62     0.000
63     0.000
64     0.000
65     0.000
66     0.000
67     0.000
68     0.000
69     0.000
70     0.000
71     0.000];

% Time: 0.075
% Delta T: 0.00125

mid = [
 1     0.000
 2     0.000
 3     0.000
 4     0.000
 5     0.000
 6     0.000
 7     0.000
 8     0.000
 9     0.000
10     0.001
11     0.003
12     0.009
13     0.026
14     0.069
15     0.159
16     0.331
17     0.626
18     1.089
19     1.759
20     2.659
21     3.793
22     5.139
23     6.655
24     8.273
25     9.907
26    11.455
27    12.805
28    13.848
29    14.494
30    14.685
31    14.409
32    13.695
33    12.612
34    11.248
35     9.708
36     8.097
37     6.511
38     5.036
39     3.736
40     2.651
41     1.794
42     1.156
43     0.707
44     0.410
45     0.225
46     0.117
47     0.057
48     0.027
49     0.012
50     0.005
51     0.002
52     0.001
53     0.000
54     0.000
55     0.000
56     0.000
57     0.000
58     0.000
59     0.000
60     0.000
61     0.000
62     0.000
63     0.000
64     0.000
65     0.000
66     0.000
67     0.000
68     0.000
69     0.000
70     0.000
71     0.000];

% Time: 0.150
% Delta T: 0.00125
final = [
 1     0.000
 2     0.000
 3     0.000
 4     0.000
 5     0.000
 6     0.000
 7     0.000
 8     0.000
 9     0.000
10     0.000
11     0.000
12     0.000
13     0.000
14     0.000
15     0.000
16     0.000
17     0.000
18     0.000
19     0.000
20     0.001
21     0.002
22     0.004
23     0.010
24     0.021
25     0.043
26     0.081
27     0.147
28     0.254
29     0.419
30     0.661
31     1.003
32     1.463
33     2.059
34     2.801
35     3.688
36     4.708
37     5.836
38     7.033
39     8.247
40     9.419
41    10.485
42    11.382
43    12.053
44    12.458
45    12.569
46    12.381
47    11.909
48    11.184
49    10.255
50     9.178
51     8.017
52     6.831
53     5.676
54     4.597
55     3.627
56     2.787
57     2.084
58     1.516
59     1.072
60     0.737
61     0.492
62     0.319
63     0.201
64     0.123
65     0.073
66     0.042
67     0.023
68     0.013
69     0.007
70     0.003
71     0.000];

figure('Name','Case 3a: FTBS Explicit dx = 1.0 dt = 0.00125');
plot(initial(:,1), initial(:,2));
hold on;
plot(mid(:,1), mid(:,2));
plot(final(:,1), final(:,2));
xlim([1 71]);
ylim([0 22]);
grid on;
grid minor;
title('Case 3a: FTBS Explicit dx = 1.0 dt = 0.00125')
xlabel('Tube Length') 
ylabel('Wave Amplitude')
legend({'t = 0.000 sec','t = 0.075 sec','t = 0.150 sec'},'Location','northeast')
%%

%%
%LaxWendroff

%Time: 0.000
%Delta T: 0.00500
 initial = [
 1     0.000
 2     0.000
 3     0.000
 4     0.000
 5     0.000
 6     2.000
 7     4.000
 8     6.000
 9     8.000
10    10.000
11    12.000
12    14.000
13    16.000
14    18.000
15    20.000
16    18.000
17    16.000
18    14.000
19    12.000
20    10.000
21     8.000
22     6.000
23     4.000
24     2.000
25     0.000
26     0.000
27     0.000
28     0.000
29     0.000
30     0.000
31     0.000
32     0.000
33     0.000
34     0.000
35     0.000
36     0.000
37     0.000
38     0.000
39     0.000
40     0.000
41     0.000
42     0.000
43     0.000
44     0.000
45     0.000
46     0.000
47     0.000
48     0.000
49     0.000
50     0.000
51     0.000
52     0.000
53     0.000
54     0.000
55     0.000
56     0.000
57     0.000
58     0.000
59     0.000
60     0.000
61     0.000
62     0.000
63     0.000
64     0.000
65     0.000
66     0.000
67     0.000
68     0.000
69     0.000
70     0.000
71     0.000
];

%Time: 0.075
%Delta T: 0.00500
mid = [
 1     0.000
 2     0.000
 3     0.000
 4     0.000
 5     0.000
 6     0.000
 7     0.000
 8     0.000
 9     0.000
10     0.000
11     0.000
12     0.000
13     0.000
14     0.000
15     0.000
16     0.000
17     0.000
18     0.000
19     0.000
20     0.000
21     2.000
22     4.000
23     6.000
24     8.000
25    10.000
26    12.000
27    14.000
28    16.000
29    18.000
30    20.000
31    18.000
32    16.000
33    14.000
34    12.000
35    10.000
36     8.000
37     6.000
38     4.000
39     2.000
40     0.000
41     0.000
42     0.000
43     0.000
44     0.000
45     0.000
46     0.000
47     0.000
48     0.000
49     0.000
50     0.000
51     0.000
52     0.000
53     0.000
54     0.000
55     0.000
56     0.000
57     0.000
58     0.000
59     0.000
60     0.000
61     0.000
62     0.000
63     0.000
64     0.000
65     0.000
66     0.000
67     0.000
68     0.000
69     0.000
70     0.000
71     0.000
];

%Time: 0.150
%Delta T: 0.00500
final = [

 1     0.000
 2     0.000
 3     0.000
 4     0.000
 5     0.000
 6     0.000
 7     0.000
 8     0.000
 9     0.000
10     0.000
11     0.000
12     0.000
13     0.000
14     0.000
15     0.000
16     0.000
17     0.000
18     0.000
19     0.000
20     0.000
21     0.000
22     0.000
23     0.000
24     0.000
25     0.000
26     0.000
27     0.000
28     0.000
29     0.000
30     0.000
31     0.000
32     0.000
33     0.000
34     0.000
35     0.000
36     2.000
37     4.000
38     6.000
39     8.000
40    10.000
41    12.000
42    14.000
43    16.000
44    18.000
45    20.000
46    18.000
47    16.000
48    14.000
49    12.000
50    10.000
51     8.000
52     6.000
53     4.000
54     2.000
55     0.000
56     0.000
57     0.000
58     0.000
59     0.000
60     0.000
61     0.000
62     0.000
63     0.000
64     0.000
65     0.000
66     0.000
67     0.000
68     0.000
69     0.000
70     0.000
71     0.000
];

figure('Name','Case 1b: Lax-Wendroff dx = 1.0 dt = 0.005');
plot(initial(:,1), initial(:,2));
hold on;
plot(mid(:,1), mid(:,2));
plot(final(:,1), final(:,2));
xlim([1 71]);
ylim([0 22]);
grid on;
grid minor;
title('Case 1b: Lax-Wendroff dx = 1.0 dt = 0.005');
xlabel('Tube Length');
ylabel('Wave Amplitude');
legend({'t = 0.000 sec','t = 0.075 sec','t = 0.150 sec'},'Location','northeast');


% Time: 0.000
% Delta T: 0.00250
initial = [
 1     0.000
 2     0.000
 3     0.000
 4     0.000
 5     0.000
 6     2.000
 7     4.000
 8     6.000
 9     8.000
10    10.000
11    12.000
12    14.000
13    16.000
14    18.000
15    20.000
16    18.000
17    16.000
18    14.000
19    12.000
20    10.000
21     8.000
22     6.000
23     4.000
24     2.000
25     0.000
26     0.000
27     0.000
28     0.000
29     0.000
30     0.000
31     0.000
32     0.000
33     0.000
34     0.000
35     0.000
36     0.000
37     0.000
38     0.000
39     0.000
40     0.000
41     0.000
42     0.000
43     0.000
44     0.000
45     0.000
46     0.000
47     0.000
48     0.000
49     0.000
50     0.000
51     0.000
52     0.000
53     0.000
54     0.000
55     0.000
56     0.000
57     0.000
58     0.000
59     0.000
60     0.000
61     0.000
62     0.000
63     0.000
64     0.000
65     0.000
66     0.000
67     0.000
68     0.000
69     0.000
70     0.000
71     0.000
 ];

% Time: 0.075
% Delta T: 0.00250
mid = [
 1     0.000
 2    -0.000
 3    -0.000
 4     0.001
 5     0.001
 6    -0.004
 7    -0.004
 8     0.009
 9     0.017
10    -0.015
11    -0.057
12    -0.024
13     0.102
14     0.189
15     0.067
16    -0.270
17    -0.620
18    -0.685
19    -0.204
20     0.911
21     2.485
22     4.185
23     5.840
24     7.631
25     9.865
26    12.551
27    15.252
28    17.340
29    18.357
30    18.221
31    17.199
32    15.701
33    14.014
34    12.167
35    10.064
36     7.722
37     5.372
38     3.335
39     1.830
40     0.882
41     0.372
42     0.137
43     0.044
44     0.012
45     0.003
46     0.001
47     0.000
48     0.000
49     0.000
50     0.000
51     0.000
52     0.000
53     0.000
54     0.000
55     0.000
56     0.000
57     0.000
58     0.000
59     0.000
60     0.000
61     0.000
62     0.000
63     0.000
64     0.000
65     0.000
66     0.000
67     0.000
68     0.000
69     0.000
70     0.000
71     0.000
 ];

% Time: 0.150
% Delta T: 0.00250
final = [
 1     0.000
 2     0.000
 3     0.000
 4    -0.000
 5    -0.000
 6     0.000
 7     0.000
 8    -0.000
 9    -0.000
10     0.000
11     0.001
12    -0.000
13    -0.001
14    -0.000
15     0.003
16     0.003
17    -0.004
18    -0.012
19    -0.004
20     0.020
21     0.033
22     0.005
23    -0.057
24    -0.095
25    -0.045
26     0.104
27     0.259
28     0.269
29     0.027
30    -0.410
31    -0.816
32    -0.914
33    -0.556
34     0.206
35     1.209
36     2.369
37     3.776
38     5.624
39     8.009
40    10.780
41    13.539
42    15.816
43    17.287
44    17.875
45    17.703
46    16.938
47    15.687
48    13.994
49    11.916
50     9.591
51     7.237
52     5.091
53     3.326
54     2.014
55     1.130
56     0.586
57     0.282
58     0.125
59     0.052
60     0.020
61     0.007
62     0.002
63     0.001
64     0.000
65     0.000
66     0.000
67     0.000
68     0.000
69     0.000
70     0.000
71     0.000
 ];

figure('Name','Case 2b: Lax-Wendroff dx = 1.0 dt = 0.00250');
plot(initial(:,1), initial(:,2));
hold on;
plot(mid(:,1), mid(:,2));
plot(final(:,1), final(:,2));
xlim([1 71]);
ylim([0 22]);
grid on;
grid minor;
title('Case 2b: Lax-Wendroff dx = 1.0 dt = 0.00250');
xlabel('Tube Length') 
ylabel('Wave Amplitude')
legend({'t = 0.000 sec','t = 0.075 sec','t = 0.150 sec'},'Location','northeast')

% Time: 0.000
% Delta T: 0.00125

initial = [
 1     0.000
 2     0.000
 3     0.000
 4     0.000
 5     0.000
 6     2.000
 7     4.000
 8     6.000
 9     8.000
10    10.000
11    12.000
12    14.000
13    16.000
14    18.000
15    20.000
16    18.000
17    16.000
18    14.000
19    12.000
20    10.000
21     8.000
22     6.000
23     4.000
24     2.000
25     0.000
26     0.000
27     0.000
28     0.000
29     0.000
30     0.000
31     0.000
32     0.000
33     0.000
34     0.000
35     0.000
36     0.000
37     0.000
38     0.000
39     0.000
40     0.000
41     0.000
42     0.000
43     0.000
44     0.000
45     0.000
46     0.000
47     0.000
48     0.000
49     0.000
50     0.000
51     0.000
52     0.000
53     0.000
54     0.000
55     0.000
56     0.000
57     0.000
58     0.000
59     0.000
60     0.000
61     0.000
62     0.000
63     0.000
64     0.000
65     0.000
66     0.000
67     0.000
68     0.000
69     0.000
70     0.000
71     0.000
 ];

% Time: 0.075
% Delta T: 0.00125

mid = [
 1    -0.001
 2    -0.011
 3     0.003
 4     0.027
 5     0.004
 6    -0.041
 7    -0.020
 8     0.056
 9     0.044
10    -0.098
11    -0.160
12     0.020
13     0.250
14     0.264
15     0.028
16    -0.368
17    -0.785
18    -0.883
19    -0.250
20     1.130
21     2.751
22     4.181
23     5.584
24     7.440
25     9.950
26    12.853
27    15.597
28    17.567
29    18.353
30    18.004
31    16.950
32    15.612
33    14.091
34    12.248
35    10.011
36     7.550
37     5.196
38     3.250
39     1.847
40     0.955
41     0.451
42     0.195
43     0.077
44     0.028
45     0.010
46     0.003
47     0.001
48     0.000
49     0.000
50     0.000
51     0.000
52     0.000
53     0.000
54     0.000
55     0.000
56     0.000
57     0.000
58     0.000
59     0.000
60     0.000
61     0.000
62     0.000
63     0.000
64     0.000
65     0.000
66     0.000
67     0.000
68     0.000
69     0.000
70     0.000
71     0.000
 ];

% Time: 0.150
% Delta T: 0.00125
final = [
 1     0.000
 2     0.000
 3    -0.001
 4    -0.001
 5     0.002
 6     0.004
 7    -0.004
 8    -0.009
 9     0.003
10     0.015
11     0.003
12    -0.021
13    -0.015
14     0.021
15     0.031
16    -0.008
17    -0.047
18    -0.029
19     0.035
20     0.083
21     0.063
22    -0.042
23    -0.181
24    -0.220
25    -0.039
26     0.302
27     0.528
28     0.369
29    -0.175
30    -0.797
31    -1.110
32    -0.920
33    -0.326
34     0.424
35     1.188
36     2.092
37     3.466
38     5.567
39     8.327
40    11.326
41    14.021
42    16.022
43    17.220
44    17.704
45    17.593
46    16.928
47    15.696
48    13.921
49    11.725
50     9.333
51     7.000
52     4.943
53     3.288
54     2.061
55     1.220
56     0.682
57     0.362
58     0.182
59     0.087
60     0.039
61     0.017
62     0.007
63     0.003
64     0.001
65     0.000
66     0.000
67     0.000
68     0.000
69     0.000
70     0.000
71     0.000
 ];

figure('Name','Case 3b: Lax-Wendroff dx = 1.0 dt = 0.00125');
plot(initial(:,1), initial(:,2));
hold on;
plot(mid(:,1), mid(:,2));
plot(final(:,1), final(:,2));
xlim([1 71]);
ylim([0 22]);
grid on;
grid minor;
title('Case 3b: Lax-Wendroff dx = 1.0 dt = 0.00125');
xlabel('Tube Length') 
ylabel('Wave Amplitude')
legend({'t = 0.000 sec','t = 0.075 sec','t = 0.150 sec'},'Location','northeast')
%%

%%
%BTCS
%Time: 0.000
%Delta T: 0.00500
 initial = [
 1     0.000
 2     0.000
 3     0.000
 4     0.000
 5     0.000
 6     2.000
 7     4.000
 8     6.000
 9     8.000
10    10.000
11    12.000
12    14.000
13    16.000
14    18.000
15    20.000
16    18.000
17    16.000
18    14.000
19    12.000
20    10.000
21     8.000
22     6.000
23     4.000
24     2.000
25     0.000
26     0.000
27     0.000
28     0.000
29     0.000
30     0.000
31     0.000
32     0.000
33     0.000
34     0.000
35     0.000
36     0.000
37     0.000
38     0.000
39     0.000
40     0.000
41     0.000
42     0.000
43     0.000
44     0.000
45     0.000
46     0.000
47     0.000
48     0.000
49     0.000
50     0.000
51     0.000
52     0.000
53     0.000
54     0.000
55     0.000
56     0.000
57     0.000
58     0.000
59     0.000
60     0.000
61     0.000
62     0.000
63     0.000
64     0.000
65     0.000
66     0.000
67     0.000
68     0.000
69     0.000
70     0.000
71     0.000
];

%Time: 0.075
%Delta T: 0.00500
mid = [
 1     0.192
 2    -0.025
 3     0.143
 4    -0.042
 5     0.049
 6    -0.026
 7    -0.048
 8    -0.003
 9    -0.094
10     0.014
11    -0.091
12     0.006
13    -0.097
14     0.025
15     0.050
16     0.319
17     0.684
18     1.272
19     2.062
20     3.051
21     4.257
22     5.658
23     7.200
24     8.802
25    10.357
26    11.742
27    12.851
28    13.609
29    13.977
30    13.942
31    13.518
32    12.740
33    11.671
34    10.391
35     8.993
36     7.570
37     6.202
38     4.951
39     3.855
40     2.931
41     2.179
42     1.586
43     1.131
44     0.792
45     0.544
46     0.368
47     0.245
48     0.161
49     0.104
50     0.066
51     0.042
52     0.026
53     0.016
54     0.010
55     0.006
56     0.004
57     0.002
58     0.001
59     0.001
60     0.000
61     0.000
62     0.000
63     0.000
64     0.000
65     0.000
66     0.000
67     0.000
68     0.000
69     0.000
70     0.000
71     0.000
];

%Time: 0.150
%Delta T: 0.00500
final = [
 1    -0.059
 2    -0.016
 3    -0.050
 4    -0.022
 5    -0.030
 6    -0.012
 7    -0.003
 8     0.012
 9     0.026
10     0.039
11     0.050
12     0.058
13     0.062
14     0.063
15     0.059
16     0.053
17     0.043
18     0.032
19     0.021
20     0.010
21    -0.001
22    -0.011
23    -0.018
24    -0.019
25    -0.005
26     0.034
27     0.113
28     0.251
29     0.468
30     0.784
31     1.218
32     1.786
33     2.495
34     3.341
35     4.311
36     5.375
37     6.496
38     7.623
39     8.704
40     9.682
41    10.507
42    11.136
43    11.536
44    11.691
45    11.599
46    11.272
47    10.738
48    10.031
49     9.196
50     8.278
51     7.320
52     6.362
53     5.438
54     4.574
55     3.788
56     3.090
57     2.484
58     1.969
59     1.540
60     1.189
61     0.906
62     0.682
63     0.508
64     0.373
65     0.273
66     0.194
67     0.142
68     0.094
69     0.076
70     0.038
71     0.000
];

figure('Name','Case 1c: BTCS Implicit dx = 1.0 dt = 0.005');
plot(initial(:,1), initial(:,2));
hold on;
plot(mid(:,1), mid(:,2));
plot(final(:,1), final(:,2));
xlim([1 71]);
ylim([0 22]);
grid on;
grid minor;
title('Case 1c: BTCS Implicit dx = 1.0 dt = 0.005')
xlabel('Tube Length') 
ylabel('Wave Amplitude')
legend({'t = 0.000 sec','t = 0.075 sec','t = 0.150 sec'},'Location','northeast')


% Time: 0.000
% Delta T: 0.00250
initial = [
 1     0.000
 2     0.000
 3     0.000
 4     0.000
 5     0.000
 6     2.000
 7     4.000
 8     6.000
 9     8.000
10    10.000
11    12.000
12    14.000
13    16.000
14    18.000
15    20.000
16    18.000
17    16.000
18    14.000
19    12.000
20    10.000
21     8.000
22     6.000
23     4.000
24     2.000
25     0.000
26     0.000
27     0.000
28     0.000
29     0.000
30     0.000
31     0.000
32     0.000
33     0.000
34     0.000
35     0.000
36     0.000
37     0.000
38     0.000
39     0.000
40     0.000
41     0.000
42     0.000
43     0.000
44     0.000
45     0.000
46     0.000
47     0.000
48     0.000
49     0.000
50     0.000
51     0.000
52     0.000
53     0.000
54     0.000
55     0.000
56     0.000
57     0.000
58     0.000
59     0.000
60     0.000
61     0.000
62     0.000
63     0.000
64     0.000
65     0.000
66     0.000
67     0.000
68     0.000
69     0.000
70     0.000
71     0.000
 ];

% Time: 0.075
% Delta T: 0.00250
mid = [
 1     0.251
 2    -0.054
 3     0.203
 4    -0.028
 5     0.024
 6     0.002
 7    -0.104
 8     0.000
 9    -0.135
10    -0.027
11    -0.110
12     0.071
13    -0.090
14    -0.024
15    -0.121
16    -0.104
17     0.073
18     0.477
19     1.220
20     2.226
21     3.426
22     4.860
23     6.544
24     8.426
25    10.400
26    12.299
27    13.909
28    15.040
29    15.603
30    15.609
31    15.115
32    14.183
33    12.876
34    11.276
35     9.499
36     7.681
37     5.958
38     4.433
39     3.167
40     2.176
41     1.440
42     0.920
43     0.568
44     0.340
45     0.198
46     0.112
47     0.061
48     0.033
49     0.017
50     0.009
51     0.004
52     0.002
53     0.001
54     0.001
55     0.000
56     0.000
57     0.000
58     0.000
59     0.000
60     0.000
61     0.000
62     0.000
63     0.000
64     0.000
65     0.000
66     0.000
67     0.000
68     0.000
69     0.000
70     0.000
71     0.000
 ];

% Time: 0.150
% Delta T: 0.00250
final = [
 1    -0.060
 2    -0.035
 3    -0.055
 4    -0.060
 5    -0.052
 6    -0.052
 7    -0.033
 8    -0.009
 9     0.016
10     0.043
11     0.067
12     0.085
13     0.098
14     0.101
15     0.098
16     0.089
17     0.073
18     0.052
19     0.028
20     0.004
21    -0.016
22    -0.028
23    -0.032
24    -0.032
25    -0.038
26    -0.056
27    -0.079
28    -0.087
29    -0.049
30     0.073
31     0.315
32     0.711
33     1.291
34     2.078
35     3.089
36     4.319
37     5.738
38     7.282
39     8.862
40    10.375
41    11.717
42    12.795
43    13.539
44    13.902
45    13.865
46    13.442
47    12.670
48    11.616
49    10.359
50     8.990
51     7.593
52     6.245
53     5.005
54     3.910
55     2.979
56     2.217
57     1.611
58     1.145
59     0.796
60     0.542
61     0.362
62     0.237
63     0.152
64     0.096
65     0.059
66     0.036
67     0.022
68     0.012
69     0.009
70     0.002
71     0.000
];

figure('Name','Case 2c: BTCS Implicit dx = 1.0 dt = 0.00250');
plot(initial(:,1), initial(:,2));
hold on;
plot(mid(:,1), mid(:,2));
plot(final(:,1), final(:,2));
xlim([1 71]);
ylim([0 22]);
grid on;
grid minor;
title('Case 2c: BTCS Implicit dx = 1.0 dt = 0.00250')
xlabel('Tube Length') 
ylabel('Wave Amplitude')
legend({'t = 0.000 sec','t = 0.075 sec','t = 0.150 sec'},'Location','northeast')

% Time: 0.000
% Delta T: 0.00125

initial = [
 1     0.000
 2     0.000
 3     0.000
 4     0.000
 5     0.000
 6     2.000
 7     4.000
 8     6.000
 9     8.000
10    10.000
11    12.000
12    14.000
13    16.000
14    18.000
15    20.000
16    18.000
17    16.000
18    14.000
19    12.000
20    10.000
21     8.000
22     6.000
23     4.000
24     2.000
25     0.000
26     0.000
27     0.000
28     0.000
29     0.000
30     0.000
31     0.000
32     0.000
33     0.000
34     0.000
35     0.000
36     0.000
37     0.000
38     0.000
39     0.000
40     0.000
41     0.000
42     0.000
43     0.000
44     0.000
45     0.000
46     0.000
47     0.000
48     0.000
49     0.000
50     0.000
51     0.000
52     0.000
53     0.000
54     0.000
55     0.000
56     0.000
57     0.000
58     0.000
59     0.000
60     0.000
61     0.000
62     0.000
63     0.000
64     0.000
65     0.000
66     0.000
67     0.000
68     0.000
69     0.000
70     0.000
71     0.000
 ];

% Time: 0.075
% Delta T: 0.00125

mid = [
 1     0.290
 2    -0.135
 3     0.256
 4     0.018
 5    -0.009
 6     0.025
 7    -0.166
 8     0.004
 9    -0.101
10    -0.114
11    -0.208
12     0.169
13    -0.004
14     0.027
15    -0.094
16    -0.275
17    -0.308
18    -0.133
19     0.587
20     1.779
21     3.058
22     4.416
23     6.071
24     8.065
25    10.297
26    12.599
27    14.666
28    16.126
29    16.776
30    16.675
31    16.019
32    14.953
33    13.523
34    11.752
35     9.730
36     7.629
37     5.648
38     3.947
39     2.607
40     1.631
41     0.969
42     0.549
43     0.297
44     0.154
45     0.077
46     0.037
47     0.017
48     0.008
49     0.003
50     0.001
51     0.001
52     0.000
53     0.000
54     0.000
55     0.000
56     0.000
57     0.000
58     0.000
59     0.000
60     0.000
61     0.000
62     0.000
63     0.000
64     0.000
65     0.000
66     0.000
67     0.000
68     0.000
69     0.000
70     0.000
71     0.000
];

% Time: 0.150
% Delta T: 0.00125
final = [
 1    -0.071
 2    -0.060
 3    -0.025
 4    -0.081
 5    -0.067
 6    -0.075
 7    -0.097
 8    -0.047
 9     0.013
10     0.056
11     0.087
12     0.108
13     0.132
14     0.144
15     0.124
16     0.103
17     0.098
18     0.078
19     0.038
20     0.002
21    -0.031
22    -0.072
23    -0.097
24    -0.069
25     0.000
26     0.045
27     0.010
28    -0.106
29    -0.244
30    -0.315
31    -0.233
32     0.046
33     0.532
34     1.225
35     2.154
36     3.377
37     4.932
38     6.784
39     8.805
40    10.811
41    12.612
42    14.058
43    15.054
44    15.551
45    15.531
46    15.004
47    14.015
48    12.644
49    11.007
50     9.239
51     7.477
52     5.835
53     4.393
54     3.193
55     2.244
56     1.526
57     1.005
58     0.642
59     0.398
60     0.240
61     0.141
62     0.081
63     0.045
64     0.024
65     0.013
66     0.007
67     0.003
68     0.002
69     0.001
70     0.000
71     0.000
];

figure('Name','Case 3c: BTSC Implicit dx = 1.0 dt = 0.00125');
plot(initial(:,1), initial(:,2));
hold on;
plot(mid(:,1), mid(:,2));
plot(final(:,1), final(:,2));
xlim([1 71]);
ylim([0 22]);
grid on;
grid minor;
title('Case 3c: BTSC Implicit dx = 1.0 dt = 0.00125')
xlabel('Tube Length') 
ylabel('Wave Amplitude')
legend({'t = 0.000 sec','t = 0.075 sec','t = 0.150 sec'},'Location','northeast')

%%
%***********************************Question 2*********************************************
%dt = 0.1
data1 =[
0            5.000     5.000     5.000     5.000     5.000     5.000     5.000
1            5.000     5.000     5.000     5.000     5.000     5.000     5.000
2            5.000     5.000     5.000     5.000     5.000     5.000     5.000
3            5.000     5.000     5.000     5.000     5.000     5.000     5.000
4            5.000     5.000     5.000     5.000     5.000     5.000     5.000
5            5.000     5.000     5.000     5.000     5.000     5.000     5.000
6            5.000     5.000     5.000     5.000     5.000     5.000     5.000
7            5.000     5.000     5.000     5.000     5.000     5.000     5.000
8            5.000     5.000     5.000     5.000     5.000     5.000     5.000
9            5.000     5.000     5.000     5.000     5.000     5.000     5.000
10           5.000     5.000     5.000     5.000     5.000     5.000     5.000
11           5.000     5.000     5.000     5.000     5.000     5.000     5.000
12           5.000     5.000     5.000     5.000     5.000     5.000     5.000
13           5.000     5.000     5.000     5.000     5.000     5.000     5.000
14           5.000     5.000     5.000     4.999     4.999     5.000     5.001
15           5.000     5.000     5.002     5.005     5.001     4.998     5.000
16           5.000     4.999     4.988     4.988     5.005     5.003     4.997
17           5.000     5.014     5.049     5.004     4.980     5.005     5.005
18           5.000     4.867     4.900     5.061     5.013     4.974     5.006
19           5.000     5.480     4.930     4.850     5.074     5.017     4.969
20           0.000     4.146     5.566     4.922     4.826     5.086     5.015
21           0.000     0.493     4.085     5.605     4.895     4.819     5.096
22           0.000     0.001     0.478     4.098     5.609     4.871     4.823
23           0.000     0.000     0.001     0.468     4.124     5.598     4.857
24           0.000     0.000     0.000     0.001     0.473     4.145     5.585
25           0.000     0.000     0.000     0.000     0.001     0.483     4.154
26           0.000     0.000     0.000     0.000     0.000     0.001     0.492
27           0.000     0.000     0.000     0.000     0.000     0.000     0.001
28           0.000     0.000     0.000     0.000     0.000     0.000     0.000
29           0.000     0.000     0.000     0.000     0.000     0.000     0.000
30           0.000     0.000     0.000     0.000     0.000     0.000     0.000
31           0.000     0.000     0.000     0.000     0.000     0.000     0.000
32           0.000     0.000     0.000     0.000     0.000     0.000     0.000
33           0.000     0.000     0.000     0.000     0.000     0.000     0.000
34           0.000     0.000     0.000     0.000     0.000     0.000     0.000
35           0.000     0.000     0.000     0.000     0.000     0.000     0.000
36           0.000     0.000     0.000     0.000     0.000     0.000     0.000
37           0.000     0.000     0.000     0.000     0.000     0.000     0.000
38           0.000     0.000     0.000     0.000     0.000     0.000     0.000
39           0.000     0.000     0.000     0.000     0.000     0.000     0.000
40           0.000     0.000     0.000     0.000     0.000     0.000     0.000
];
figure('Name', 'Question 2: Case 1');
plot(data1(:,1), data1(:,2));
hold on;
plot(data1(:,1), data1(:,3));
plot(data1(:,1), data1(:,4));
plot(data1(:,1), data1(:,5));
plot(data1(:,1), data1(:,6));
plot(data1(:,1), data1(:,7));
plot(data1(:,1), data1(:,8));
xlim([0 40]);
ylim([-1 6]);
grid on;
grid minor;
title('Part 1: Invicid Burgers Equation using MacCormack Method', 'dx = 1.0    dt = 0.1');
xlabel('X-Distance') 
ylabel('Speed Value [u]')
legend({'t = 0.000 sec','t = 0.400 sec','t = 0.800 sec','t = 1.200 sec','t = 1.600 sec','t = 2.000 sec','t = 2.400 sec'},'Location','northeast')

%%
%dt = 0.200
data1=[
0            5.000     5.000     5.000     5.000     5.000     5.000     5.000
1            5.000     5.000     5.000     5.000     5.000     5.000     5.000
2            5.000     5.000     5.000     5.000     5.000     5.000     5.000
3            5.000     5.000     5.000     5.000     5.000     5.000     5.000
4            5.000     5.000     5.000     5.000     5.000     5.000     5.000
5            5.000     5.000     5.000     5.000     5.000     5.000     5.000
6            5.000     5.000     5.000     5.000     5.000     5.000     5.000
7            5.000     5.000     5.000     5.000     5.000     5.000     5.000
8            5.000     5.000     5.000     5.000     5.000     5.000     5.000
9            5.000     5.000     5.000     5.000     5.000     5.000     5.000
10           5.000     5.000     5.000     5.000     5.000     5.000     5.000
11           5.000     5.000     5.000     5.000     5.000     5.000     5.000
12           5.000     5.000     5.000     5.000     5.000     5.000     5.000
13           5.000     5.000     5.000     5.000     5.000     5.000     5.000
14           5.000     5.000     5.000     5.000     5.000     5.000     5.000
15           5.000     5.000     5.000     5.000     5.000     5.000     5.000
16           5.000     5.000     5.000     5.000     5.000     5.000     5.000
17           5.000     5.000     5.000     5.000     5.000     5.000     5.000
18           5.000     4.995     5.000     5.000     5.000     5.000     5.000
19           5.000     4.940     4.999     5.000     5.000     5.000     5.000
20           0.000     4.415     4.874     4.996     5.000     5.000     5.000
21           0.000     0.649     4.543     4.920     4.998     5.000     5.000
22           0.000     0.000     0.583     4.454     4.889     4.997     5.000
23           0.000     0.000     0.000     0.629     4.516     4.911     4.998
24           0.000     0.000     0.000     0.000     0.597     4.474     4.896
25           0.000     0.000     0.000     0.000     0.000     0.618     4.503
26           0.000     0.000     0.000     0.000     0.000     0.000     0.603
27           0.000     0.000     0.000     0.000     0.000     0.000     0.000
28           0.000     0.000     0.000     0.000     0.000     0.000     0.000
29           0.000     0.000     0.000     0.000     0.000     0.000     0.000
30           0.000     0.000     0.000     0.000     0.000     0.000     0.000
31           0.000     0.000     0.000     0.000     0.000     0.000     0.000
32           0.000     0.000     0.000     0.000     0.000     0.000     0.000
33           0.000     0.000     0.000     0.000     0.000     0.000     0.000
34           0.000     0.000     0.000     0.000     0.000     0.000     0.000
35           0.000     0.000     0.000     0.000     0.000     0.000     0.000
36           0.000     0.000     0.000     0.000     0.000     0.000     0.000
37           0.000     0.000     0.000     0.000     0.000     0.000     0.000
38           0.000     0.000     0.000     0.000     0.000     0.000     0.000
39           0.000     0.000     0.000     0.000     0.000     0.000     0.000
40           0.000     0.000     0.000     0.000     0.000     0.000     0.000
];
figure('Name', 'Question 2: Case 2');
plot(data1(:,1), data1(:,2));
hold on;
plot(data1(:,1), data1(:,3));
plot(data1(:,1), data1(:,4));
plot(data1(:,1), data1(:,5));
plot(data1(:,1), data1(:,6));
plot(data1(:,1), data1(:,7));
plot(data1(:,1), data1(:,8));
xlim([0 40]);
ylim([-1 6]);
grid on;
grid minor;
title('Part 2: Invicid Burgers Equation using MacCormack Method', 'dx = 1.0    dt = 0.2');
xlabel('X-Distance') 
ylabel('Speed Value [u]')
legend({'t = 0.000 sec','t = 0.400 sec','t = 0.800 sec','t = 1.200 sec','t = 1.600 sec','t = 2.000 sec','t = 2.400 sec'},'Location','northeast')

%%
