clear; 
clc;
close all;

data = [
   0.500000 0.000000
0.441176 -0.015374
0.382353 -0.027754
0.323529 -0.039313
0.264706 -0.050096
0.205882 -0.060107
0.147059 -0.069315
0.088235 -0.077648
0.029412 -0.084987
-0.029412 -0.091165
-0.088235 -0.095952
-0.147059 -0.099041
-0.205882 -0.100016
-0.264706 -0.098297
-0.323529 -0.093002
-0.382353 -0.082589
-0.441176 -0.063437
-0.500000 0.000000
-0.441176 0.063437
-0.382353 0.082589
-0.323529 0.093002
-0.264706 0.098297
-0.205882 0.100016
-0.147059 0.099041
-0.088235 0.095952
-0.029412 0.091165
0.029412 0.084987
0.088235 0.077648
0.147059 0.069315
0.205882 0.060107
0.264706 0.050096
0.323529 0.039313
0.382353 0.027754
0.441176 0.015374
0.500000 0.000000
0.550000 0.000000
0.492841 -0.028387
0.433171 -0.053459
0.371119 -0.076830
0.306896 -0.098118
0.240786 -0.116953
0.173136 -0.132987
0.104348 -0.145902
0.034861 -0.155418
-0.034861 -0.161287
-0.104348 -0.163291
-0.173136 -0.161226
-0.240786 -0.154867
-0.306896 -0.143910
-0.371119 -0.127834
-0.433171 -0.105553
-0.492841 -0.074046
-0.550000 -0.000000
-0.492841 0.074046
-0.433171 0.105553
-0.371119 0.127834
-0.306896 0.143910
-0.240786 0.154867
-0.173136 0.161226
-0.104348 0.163291
-0.034861 0.161287
0.034861 0.155418
0.104348 0.145902
0.173136 0.132987
0.240786 0.116953
0.306896 0.098118
0.371119 0.076830
0.433171 0.053459
0.492841 0.028387
0.550000 0.000000
0.600000 0.000000
0.544505 -0.041399
0.483988 -0.079164
0.418709 -0.114347
0.349087 -0.146141
0.275689 -0.173799
0.199214 -0.196658
0.120461 -0.214157
0.040311 -0.225848
-0.040311 -0.231408
-0.120461 -0.230630
-0.199214 -0.223411
-0.275689 -0.209717
-0.349087 -0.189522
-0.418709 -0.162667
-0.483988 -0.128517
-0.544505 -0.084656
-0.600000 -0.000000
-0.544505 0.084656
-0.483988 0.128517
-0.418709 0.162667
-0.349087 0.189522
-0.275689 0.209717
-0.199214 0.223411
-0.120461 0.230630
-0.040311 0.231408
0.040311 0.225848
0.120461 0.214157
0.199214 0.196658
0.275689 0.173799
0.349087 0.146141
0.418709 0.114347
0.483988 0.079164
0.544505 0.041399
0.600000 0.000000
0.650000 0.000000
0.596169 -0.054412
0.534806 -0.104870
0.466299 -0.151864
0.391277 -0.194163
0.310593 -0.230645
0.225291 -0.260330
0.136574 -0.282411
0.045760 -0.296279
-0.045760 -0.301530
-0.136574 -0.297970
-0.225291 -0.285596
-0.310593 -0.264568
-0.391277 -0.235134
-0.466299 -0.197499
-0.534806 -0.151480
-0.596169 -0.095265
-0.650000 -0.000000
-0.596169 0.095265
-0.534806 0.151480
-0.466299 0.197499
-0.391277 0.235134
-0.310593 0.264568
-0.225291 0.285596
-0.136574 0.297970
-0.045760 0.301530
0.045760 0.296279
0.136574 0.282411
0.225291 0.260330
0.310593 0.230645
0.391277 0.194163
0.466299 0.151864
0.534806 0.104870
0.596169 0.054412
0.650000 0.000000
0.700000 0.000000
0.647833 -0.067424
0.585624 -0.130575
0.513889 -0.189380
0.433467 -0.242186
0.345496 -0.287491
0.251369 -0.324001
0.152687 -0.350666
0.051210 -0.366710
-0.051210 -0.371652
-0.152687 -0.365309
-0.251369 -0.347781
-0.345496 -0.319418
-0.433467 -0.280746
-0.513889 -0.232331
-0.585624 -0.174444
-0.647833 -0.105875
-0.700000 -0.000000
-0.647833 0.105875
-0.585624 0.174444
-0.513889 0.232331
-0.433467 0.280746
-0.345496 0.319418
-0.251369 0.347781
-0.152687 0.365309
-0.051210 0.371652
0.051210 0.366710
0.152687 0.350666
0.251369 0.324001
0.345496 0.287491
0.433467 0.242186
0.513889 0.189380
0.585624 0.130575
0.647833 0.067424
0.700000 0.000000
0.750000 0.000000
0.699497 -0.080437
0.636442 -0.156281
0.561478 -0.226897
0.475658 -0.290208
0.380400 -0.344337
0.277446 -0.387673
0.168800 -0.418920
0.056659 -0.437140
-0.056659 -0.441774
-0.168800 -0.432648
-0.277446 -0.409967
-0.380400 -0.374269
-0.475658 -0.326359
-0.561478 -0.267164
-0.636442 -0.197408
-0.699497 -0.116484
-0.750000 -0.000000
-0.699497 0.116484
-0.636442 0.197408
-0.561478 0.267164
-0.475658 0.326359
-0.380400 0.374269
-0.277446 0.409967
-0.168800 0.432648
-0.056659 0.441774
0.056659 0.437140
0.168800 0.418920
0.277446 0.387673
0.380400 0.344337
0.475658 0.290208
0.561478 0.226897
0.636442 0.156281
0.699497 0.080437
0.750000 0.000000
0.800000 0.000000
0.751161 -0.093449
0.687260 -0.181986
0.609068 -0.264414
0.517848 -0.338230
0.415303 -0.401183
0.303523 -0.451344
0.184913 -0.487175
0.062109 -0.507571
-0.062109 -0.511896
-0.184913 -0.499988
-0.303523 -0.472152
-0.415303 -0.429119
-0.517848 -0.371971
-0.609068 -0.301996
-0.687260 -0.220371
-0.751161 -0.127093
-0.800000 -0.000000
-0.751161 0.127093
-0.687260 0.220371
-0.609068 0.301996
-0.517848 0.371971
-0.415303 0.429119
-0.303523 0.472152
-0.184913 0.499988
-0.062109 0.511896
0.062109 0.507571
0.184913 0.487175
0.303523 0.451344
0.415303 0.401183
0.517848 0.338230
0.609068 0.264414
0.687260 0.181986
0.751161 0.093449
0.800000 0.000000
0.850000 0.000000
0.802826 -0.106462
0.738077 -0.207692
0.656658 -0.301931
0.560039 -0.386253
0.450207 -0.458029
0.329601 -0.515016
0.201026 -0.555429
0.067559 -0.578002
-0.067559 -0.582018
-0.201026 -0.567327
-0.329601 -0.534337
-0.450207 -0.483970
-0.560039 -0.417583
-0.656658 -0.336828
-0.738077 -0.243335
-0.802826 -0.137703
-0.850000 -0.000000
-0.802826 0.137703
-0.738077 0.243335
-0.656658 0.336828
-0.560039 0.417583
-0.450207 0.483970
-0.329601 0.534337
-0.201026 0.567327
-0.067559 0.582018
0.067559 0.578002
0.201026 0.555429
0.329601 0.515016
0.450207 0.458029
0.560039 0.386253
0.656658 0.301931
0.738077 0.207692
0.802826 0.106462
0.850000 0.000000
0.900000 0.000000
0.854490 -0.119474
0.788895 -0.233397
0.704248 -0.339447
0.602229 -0.434275
0.485110 -0.514875
0.355678 -0.578687
0.217139 -0.623684
0.073008 -0.648433
-0.073008 -0.652139
-0.217139 -0.634666
-0.355678 -0.596522
-0.485110 -0.538820
-0.602229 -0.463196
-0.704248 -0.371661
-0.788895 -0.266299
-0.854490 -0.148312
-0.900000 -0.000000
-0.854490 0.148312
-0.788895 0.266299
-0.704248 0.371661
-0.602229 0.463196
-0.485110 0.538820
-0.355678 0.596522
-0.217139 0.634666
-0.073008 0.652139
0.073008 0.648433
0.217139 0.623684
0.355678 0.578687
0.485110 0.514875
0.602229 0.434275
0.704248 0.339447
0.788895 0.233397
0.854490 0.119474
0.900000 0.000000
0.950000 0.000000
0.906154 -0.132487
0.839713 -0.259103
0.751838 -0.376964
0.644419 -0.482297
0.520014 -0.571721
0.381756 -0.642359
0.233252 -0.691938
0.078458 -0.718863
-0.078458 -0.722261
-0.233252 -0.702006
-0.381756 -0.658708
-0.520014 -0.593671
-0.644419 -0.508808
-0.751838 -0.406493
-0.839713 -0.289262
-0.906154 -0.158921
-0.950000 -0.000000
-0.906154 0.158921
-0.839713 0.289262
-0.751838 0.406493
-0.644419 0.508808
-0.520014 0.593671
-0.381756 0.658708
-0.233252 0.702006
-0.078458 0.722261
0.078458 0.718863
0.233252 0.691938
0.381756 0.642359
0.520014 0.571721
0.644419 0.482297
0.751838 0.376964
0.839713 0.259103
0.906154 0.132487
0.950000 0.000000
1.000000 0.000000
0.957818 -0.145499
0.890531 -0.284808
0.799428 -0.414481
0.686610 -0.530320
0.554917 -0.628567
0.407833 -0.706030
0.249365 -0.760193
0.083907 -0.789294
-0.083907 -0.792383
-0.249365 -0.769345
-0.407833 -0.720893
-0.554917 -0.648521
-0.686610 -0.554420
-0.799428 -0.441325
-0.890531 -0.312226
-0.957818 -0.169531
-1.000000 -0.000000
-0.957818 0.169531
-0.890531 0.312226
-0.799428 0.441325
-0.686610 0.554420
-0.554917 0.648521
-0.407833 0.720893
-0.249365 0.769345
-0.083907 0.792383
0.083907 0.789294
0.249365 0.760193
0.407833 0.706030
0.554917 0.628567
0.686610 0.530320
0.799428 0.414481
0.890531 0.284808
0.957818 0.145499
1.000000 0.000000
1.050000 0.000000
1.009482 -0.158512
0.941348 -0.310513
0.847017 -0.451998
0.728800 -0.578342
0.589821 -0.685412
0.433911 -0.769702
0.265478 -0.828448
0.089357 -0.859725
-0.089357 -0.862505
-0.265478 -0.836684
-0.433911 -0.783078
-0.589821 -0.703372
-0.728800 -0.600033
-0.847017 -0.476157
-0.941348 -0.335190
-1.009482 -0.180140
-1.050000 -0.000000
-1.009482 0.180140
-0.941348 0.335190
-0.847017 0.476157
-0.728800 0.600033
-0.589821 0.703372
-0.433911 0.783078
-0.265478 0.836684
-0.089357 0.862505
0.089357 0.859725
0.265478 0.828448
0.433911 0.769702
0.589821 0.685412
0.728800 0.578342
0.847017 0.451998
0.941348 0.310513
1.009482 0.158512
1.050000 0.000000
1.100000 0.000000
1.061146 -0.171524
0.992166 -0.336219
0.894607 -0.489514
0.770990 -0.626365
0.624724 -0.742258
0.459988 -0.833373
0.281591 -0.896702
0.094806 -0.930156
-0.094806 -0.932627
-0.281591 -0.904024
-0.459988 -0.845263
-0.624724 -0.758222
-0.770990 -0.645645
-0.894607 -0.510990
-0.992166 -0.358153
-1.061146 -0.190749
-1.100000 -0.000000
-1.061146 0.190749
-0.992166 0.358153
-0.894607 0.510990
-0.770990 0.645645
-0.624724 0.758222
-0.459988 0.845263
-0.281591 0.904024
-0.094806 0.932627
0.094806 0.930156
0.281591 0.896702
0.459988 0.833373
0.624724 0.742258
0.770990 0.626365
0.894607 0.489514
0.992166 0.336219
1.061146 0.171524
1.100000 0.000000
1.150000 0.000000
1.112811 -0.184537
1.042984 -0.361924
0.942197 -0.527031
0.813181 -0.674387
0.659628 -0.799104
0.486065 -0.897045
0.297704 -0.964957
0.100256 -1.000586
-0.100256 -1.002748
-0.297704 -0.971363
-0.486065 -0.907448
-0.659628 -0.813073
-0.813181 -0.691257
-0.942197 -0.545822
-1.042984 -0.381117
-1.112811 -0.201359
-1.150000 -0.000000
-1.112811 0.201359
-1.042984 0.381117
-0.942197 0.545822
-0.813181 0.691257
-0.659628 0.813073
-0.486065 0.907448
-0.297704 0.971363
-0.100256 1.002748
0.100256 1.000586
0.297704 0.964957
0.486065 0.897045
0.659628 0.799104
0.813181 0.674387
0.942197 0.527031
1.042984 0.361924
1.112811 0.184537
1.150000 0.000000
1.200000 0.000000
1.164475 -0.197549
1.093802 -0.387630
0.989787 -0.564548
0.855371 -0.722409
0.694531 -0.855950
0.512143 -0.960716
0.313817 -1.033211
0.105705 -1.071017
-0.105705 -1.072870
-0.313817 -1.038702
-0.512143 -0.969634
-0.694531 -0.867923
-0.855371 -0.736870
-0.989787 -0.580654
-1.093802 -0.404081
-1.164475 -0.211968
-1.200000 -0.000000
-1.164475 0.211968
-1.093802 0.404081
-0.989787 0.580654
-0.855371 0.736870
-0.694531 0.867923
-0.512143 0.969634
-0.313817 1.038702
-0.105705 1.072870
0.105705 1.071017
0.313817 1.033211
0.512143 0.960716
0.694531 0.855950
0.855371 0.722409
0.989787 0.564548
1.093802 0.387630
1.164475 0.197549
1.200000 0.000000
1.250000 0.000000
1.216139 -0.210562
1.144619 -0.413335
1.037377 -0.602065
0.897562 -0.770432
0.729435 -0.912796
0.538220 -1.024388
0.329930 -1.101466
0.111155 -1.141448
-0.111155 -1.142992
-0.329930 -1.106042
-0.538220 -1.031819
-0.729435 -0.922773
-0.897562 -0.782482
-1.037377 -0.615487
-1.144619 -0.427044
-1.216139 -0.222577
-1.250000 -0.000000
-1.216139 0.222577
-1.144619 0.427044
-1.037377 0.615487
-0.897562 0.782482
-0.729435 0.922773
-0.538220 1.031819
-0.329930 1.106042
-0.111155 1.142992
0.111155 1.141448
0.329930 1.101466
0.538220 1.024388
0.729435 0.912796
0.897562 0.770432
1.037377 0.602065
1.144619 0.413335
1.216139 0.210562
1.250000 0.000000
1.300000 0.000000
1.267803 -0.223574
1.195437 -0.439041
1.084966 -0.639581
0.939752 -0.818454
0.764338 -0.969642
0.564298 -1.088059
0.346043 -1.169720
0.116604 -1.211878
-0.116604 -1.213114
-0.346043 -1.173381
-0.564298 -1.094004
-0.764338 -0.977624
-0.939752 -0.828094
-1.084966 -0.650319
-1.195437 -0.450008
-1.267803 -0.233187
-1.300000 -0.000000
-1.267803 0.233187
-1.195437 0.450008
-1.084966 0.650319
-0.939752 0.828094
-0.764338 0.977624
-0.564298 1.094004
-0.346043 1.173381
-0.116604 1.213114
0.116604 1.211878
0.346043 1.169720
0.564298 1.088059
0.764338 0.969642
0.939752 0.818454
1.084966 0.639581
1.195437 0.439041
1.267803 0.223574
1.300000 0.000000
1.350000 0.000000
1.319467 -0.236587
1.246255 -0.464746
1.132556 -0.677098
0.981942 -0.866476
0.799242 -1.026488
0.590375 -1.151730
0.362156 -1.237975
0.122054 -1.282309
-0.122054 -1.283236
-0.362156 -1.240720
-0.590375 -1.156189
-0.799242 -1.032474
-0.981942 -0.873707
-1.132556 -0.685151
-1.246255 -0.472972
-1.319467 -0.243796
-1.350000 -0.000000
-1.319467 0.243796
-1.246255 0.472972
-1.132556 0.685151
-0.981942 0.873707
-0.799242 1.032474
-0.590375 1.156189
-0.362156 1.240720
-0.122054 1.283236
0.122054 1.282309
0.362156 1.237975
0.590375 1.151730
0.799242 1.026488
0.981942 0.866476
1.132556 0.677098
1.246255 0.464746
1.319467 0.236587
1.350000 0.000000
1.400000 0.000000
1.371131 -0.249599
1.297073 -0.490452
1.180146 -0.714615
1.024133 -0.914499
0.834145 -1.083334
0.616453 -1.215402
0.378269 -1.306229
0.127503 -1.352740
-0.127503 -1.353358
-0.378269 -1.308060
-0.616453 -1.218375
-0.834145 -1.087325
-1.024133 -0.919319
-1.180146 -0.719984
-1.297073 -0.495935
-1.371131 -0.254406
-1.400000 -0.000000
-1.371131 0.254406
-1.297073 0.495935
-1.180146 0.719984
-1.024133 0.919319
-0.834145 1.087325
-0.616453 1.218375
-0.378269 1.308060
-0.127503 1.353358
0.127503 1.352740
0.378269 1.306229
0.616453 1.215402
0.834145 1.083334
1.024133 0.914499
1.180146 0.714615
1.297073 0.490452
1.371131 0.249599
1.400000 0.000000
1.450000 0.000000
1.422795 -0.262612
1.347891 -0.516157
1.227736 -0.752132
1.066323 -0.962521
0.869048 -1.140180
0.642530 -1.279073
0.394382 -1.374484
0.132953 -1.423171
-0.132953 -1.423479
-0.394382 -1.375399
-0.642530 -1.280560
-0.869048 -1.142175
-1.066323 -0.964931
-1.227736 -0.754816
-1.347891 -0.518899
-1.422795 -0.265015
-1.450000 -0.000000
-1.422795 0.265015
-1.347891 0.518899
-1.227736 0.754816
-1.066323 0.964931
-0.869048 1.142175
-0.642530 1.280560
-0.394382 1.375399
-0.132953 1.423479
0.132953 1.423171
0.394382 1.374484
0.642530 1.279073
0.869048 1.140180
1.066323 0.962521
1.227736 0.752132
1.347891 0.516157
1.422795 0.262612
1.450000 0.000000
1.500000 -0.000000
1.474460 -0.275624
1.398708 -0.541862
1.275326 -0.789648
1.108513 -1.010543
0.903952 -1.197026
0.668608 -1.342745
0.410494 -1.442738
0.138403 -1.493601
-0.138403 -1.493601
-0.410494 -1.442738
-0.668608 -1.342745
-0.903952 -1.197026
-1.108513 -1.010543
-1.275326 -0.789648
-1.398708 -0.541862
-1.474460 -0.275624
-1.500000 -0.000000
-1.474460 0.275624
-1.398708 0.541862
-1.275326 0.789648
-1.108513 1.010543
-0.903952 1.197026
-0.668608 1.342745
-0.410494 1.442738
-0.138403 1.493601
0.138403 1.493601
0.410494 1.442738
0.668608 1.342745
0.903952 1.197026
1.108513 1.010543
1.275326 0.789648
1.398708 0.541862
1.474460 0.275624
1.500000 0.000000

];
data2 = [0.500000 0.000000
0.441176 -0.015374
0.382353 -0.027754
0.323529 -0.039313
0.264706 -0.050096
0.205882 -0.060107
0.147059 -0.069315
0.088235 -0.077648
0.029412 -0.084987
-0.029412 -0.091165
-0.088235 -0.095952
-0.147059 -0.099041
-0.205882 -0.100016
-0.264706 -0.098297
-0.323529 -0.093002
-0.382353 -0.082589
-0.441176 -0.063437
-0.500000 0.000000
-0.441176 0.063437
-0.382353 0.082589
-0.323529 0.093002
-0.264706 0.098297
-0.205882 0.100016
-0.147059 0.099041
-0.088235 0.095952
-0.029412 0.091165
0.029412 0.084987
0.088235 0.077648
0.147059 0.069315
0.205882 0.060107
0.264706 0.050096
0.323529 0.039313
0.382353 0.027754
0.441176 0.015374
0.500000 0.000000
0.503971 0.000000
0.459657 -0.028850
0.402988 -0.050067
0.343257 -0.067671
0.282249 -0.082906
0.220526 -0.096215
0.158339 -0.107766
0.095831 -0.117589
0.033094 -0.125610
-0.029801 -0.131670
-0.092792 -0.135515
-0.155810 -0.136779
-0.218771 -0.134939
-0.281552 -0.129218
-0.343938 -0.118357
-0.405430 -0.099896
-0.464283 -0.067160
-0.510274 -0.000000
-0.464283 0.067160
-0.405430 0.099896
-0.343938 0.118357
-0.281552 0.129218
-0.218771 0.134939
-0.155810 0.136779
-0.092792 0.135515
-0.029801 0.131670
0.033094 0.125610
0.095831 0.117589
0.158339 0.107766
0.220526 0.096215
0.282249 0.082906
0.343257 0.067671
0.402988 0.050067
0.459657 0.028850
0.503971 0.000000
0.511405 0.000000
0.477083 -0.039429
0.423861 -0.069915
0.363887 -0.094511
0.300861 -0.115004
0.236134 -0.132235
0.170324 -0.146588
0.103777 -0.158207
0.036718 -0.167071
-0.030679 -0.173034
-0.098257 -0.175814
-0.165851 -0.174980
-0.233249 -0.169886
-0.300134 -0.159545
-0.365935 -0.142316
-0.429342 -0.115087
-0.486445 -0.071277
-0.523319 -0.000000
-0.486445 0.071277
-0.429342 0.115087
-0.365935 0.142316
-0.300134 0.159545
-0.233249 0.169886
-0.165851 0.174980
-0.098257 0.175814
-0.030679 0.173034
0.036718 0.167071
0.103777 0.158207
0.170324 0.146588
0.236134 0.132235
0.300861 0.115004
0.363887 0.094511
0.423861 0.069915
0.477083 0.039429
0.511405 0.000000
0.522719 0.000000
0.495351 -0.048539
0.445545 -0.088145
0.385665 -0.120306
0.320715 -0.146732
0.252850 -0.168471
0.183128 -0.186078
0.112156 -0.199799
0.040335 -0.209668
-0.032025 -0.215546
-0.104640 -0.217127
-0.177206 -0.213909
-0.249335 -0.205126
-0.320443 -0.189602
-0.389484 -0.165422
-0.454223 -0.129309
-0.509085 -0.075846
-0.539451 -0.000000
-0.509085 0.075846
-0.454223 0.129309
-0.389484 0.165422
-0.320443 0.189602
-0.249335 0.205126
-0.177206 0.213909
-0.104640 0.217127
-0.032025 0.215546
0.040335 0.209668
0.112156 0.199799
0.183128 0.186078
0.252850 0.168471
0.320715 0.146732
0.385665 0.120306
0.445545 0.088145
0.495351 0.048539
0.522719 0.000000
0.538205 0.000000
0.515606 -0.056964
0.468696 -0.105485
0.408929 -0.145564
0.342026 -0.178473
0.270834 -0.205254
0.196873 -0.226548
0.121053 -0.242674
0.043991 -0.253705
-0.033827 -0.259507
-0.111955 -0.259744
-0.189909 -0.253851
-0.267071 -0.240961
-0.342523 -0.219758
-0.414684 -0.188216
-0.480441 -0.143261
-0.533162 -0.080932
-0.558925 -0.000000
-0.533162 0.080932
-0.480441 0.143261
-0.414684 0.188216
-0.342523 0.219758
-0.267071 0.240961
-0.189909 0.253851
-0.111955 0.259744
-0.033827 0.259507
0.043991 0.253705
0.121053 0.242674
0.196873 0.226548
0.270834 0.205254
0.342026 0.178473
0.408929 0.145564
0.468696 0.105485
0.515606 0.056964
0.538205 0.000000
0.558034 0.000000
0.538617 -0.065176
0.493913 -0.122506
0.434050 -0.170767
0.365037 -0.210620
0.290260 -0.242931
0.211685 -0.268328
0.130551 -0.287155
0.047730 -0.299500
-0.036081 -0.305226
-0.120230 -0.303969
-0.204010 -0.295111
-0.286526 -0.277712
-0.366476 -0.250393
-0.441726 -0.211170
-0.508425 -0.157411
-0.559375 -0.086593
-0.581944 -0.000000
-0.559375 0.086593
-0.508425 0.157411
-0.441726 0.211170
-0.366476 0.250393
-0.286526 0.277712
-0.204010 0.295111
-0.120230 0.303969
-0.036081 0.305226
0.047730 0.299500
0.130551 0.287155
0.211685 0.268328
0.290260 0.242931
0.365037 0.210620
0.434050 0.170767
0.493913 0.122506
0.538617 0.065176
0.558034 0.000000
0.582308 0.000000
0.564934 -0.073478
0.521718 -0.139655
0.461403 -0.196352
0.390008 -0.243567
0.311312 -0.281863
0.227694 -0.311762
0.140735 -0.333576
0.051591 -0.347383
-0.038786 -0.353028
-0.129501 -0.350121
-0.219576 -0.338007
-0.307797 -0.315714
-0.392448 -0.281877
-0.470861 -0.234688
-0.538601 -0.172093
-0.588268 -0.092877
-0.608682 -0.000000
-0.588268 0.092877
-0.538601 0.172093
-0.470861 0.234688
-0.392448 0.281877
-0.307797 0.315714
-0.219576 0.338007
-0.129501 0.350121
-0.038786 0.353028
0.051591 0.347383
0.140735 0.333576
0.227694 0.311762
0.311312 0.281863
0.390008 0.243567
0.461403 0.196352
0.521718 0.139655
0.564934 0.073478
0.582308 0.000000
0.611117 -0.000000
0.594976 -0.082077
0.552560 -0.157286
0.491350 -0.222713
0.417208 -0.277696
0.334188 -0.322416
0.245038 -0.357206
0.151690 -0.382291
0.055614 -0.397703
-0.041949 -0.403257
-0.139812 -0.398538
-0.236691 -0.382874
-0.331009 -0.355310
-0.420623 -0.314569
-0.502369 -0.259123
-0.571376 -0.187565
-0.620280 -0.099827
-0.639302 -0.000000
-0.620280 0.099827
-0.571376 0.187565
-0.502369 0.259123
-0.420623 0.314569
-0.331009 0.355310
-0.236691 0.382874
-0.139812 0.398538
-0.041949 0.403257
0.055614 0.397703
0.151690 0.382291
0.245038 0.357206
0.334188 0.322416
0.417208 0.277696
0.491350 0.222713
0.552560 0.157286
0.594976 0.082077
0.611117 -0.000000
0.644570 -0.000000
0.629088 -0.091127
0.586842 -0.175690
0.524240 -0.250205
0.446908 -0.313382
0.359088 -0.364966
0.263858 -0.405035
0.163504 -0.433673
0.059834 -0.450830
-0.045580 -0.456276
-0.151222 -0.449574
-0.255454 -0.430064
-0.356310 -0.396847
-0.451211 -0.348811
-0.536549 -0.284785
-0.607136 -0.204033
-0.655789 -0.107482
-0.673980 -0.000000
-0.655789 0.107482
-0.607136 0.204033
-0.536549 0.284785
-0.451211 0.348811
-0.356310 0.396847
-0.255454 0.430064
-0.151222 0.449574
-0.045580 0.456276
0.059834 0.450830
0.163504 0.433673
0.263858 0.405035
0.359088 0.364966
0.446908 0.313382
0.524240 0.250205
0.586842 0.175690
0.629088 0.091127
0.644570 -0.000000
0.682815 -0.000000
0.667576 -0.100749
0.624928 -0.195118
0.560409 -0.279159
0.479385 -0.350992
0.386224 -0.409896
0.284305 -0.455641
0.176267 -0.488115
0.064287 -0.507155
-0.049699 -0.512471
-0.163799 -0.503610
-0.275982 -0.479943
-0.383869 -0.440681
-0.484447 -0.384938
-0.573707 -0.311958
-0.646244 -0.221678
-0.695133 -0.115886
-0.712910 -0.000000
-0.695133 0.115886
-0.646244 0.221678
-0.573707 0.311958
-0.484447 0.384938
-0.383869 0.440681
-0.275982 0.479943
-0.163799 0.503610
-0.049699 0.512471
0.064287 0.507155
0.176267 0.488115
0.284305 0.455641
0.386224 0.409896
0.479385 0.350992
0.560409 0.279159
0.624928 0.195118
0.667576 0.100749
0.682815 -0.000000
0.726043 -0.000000
0.710736 -0.111049
0.667167 -0.215796
0.600190 -0.309889
0.514919 -0.390893
0.415814 -0.457605
0.306532 -0.509437
0.190074 -0.546040
0.069006 -0.567103
-0.054328 -0.572260
-0.177619 -0.561049
-0.298409 -0.532901
-0.413876 -0.487179
-0.520581 -0.423280
-0.614157 -0.340910
-0.689055 -0.240664
-0.738632 -0.125082
-0.756311 -0.000000
-0.738632 0.125082
-0.689055 0.240664
-0.614157 0.340910
-0.520581 0.423280
-0.413876 0.487179
-0.298409 0.532901
-0.177619 0.561049
-0.054328 0.572260
0.069006 0.567103
0.190074 0.546040
0.306532 0.509437
0.415814 0.457605
0.514919 0.390893
0.600190 0.309889
0.667167 0.215796
0.710736 0.111049
0.726043 -0.000000
0.774486 -0.000000
0.758868 -0.122129
0.713902 -0.237937
0.643914 -0.342701
0.553797 -0.433458
0.448087 -0.508506
0.330706 -0.566863
0.205023 -0.607900
0.074026 -0.631129
-0.059496 -0.636093
-0.192775 -0.622326
-0.322883 -0.589349
-0.446540 -0.536721
-0.559881 -0.464171
-0.658221 -0.371899
-0.735912 -0.261148
-0.786600 -0.135124
-0.804428 -0.000000
-0.786600 0.135124
-0.735912 0.261148
-0.658221 0.371899
-0.559881 0.464171
-0.446540 0.536721
-0.322883 0.589349
-0.192775 0.622326
-0.059496 0.636093
0.074026 0.631129
0.205023 0.607900
0.330706 0.566863
0.448087 0.508506
0.553797 0.433458
0.643914 0.342701
0.713902 0.237937
0.758868 0.122129
0.774486 -0.000000
0.828416 -0.000000
0.812286 -0.134086
0.765478 -0.261751
0.691919 -0.377905
0.596316 -0.479072
0.483281 -0.563037
0.356998 -0.628392
0.221219 -0.674189
0.079381 -0.699731
-0.065239 -0.704460
-0.209367 -0.687914
-0.349570 -0.649729
-0.482086 -0.589705
-0.602630 -0.507949
-0.706226 -0.405184
-0.787161 -0.283287
-0.839353 -0.146069
-0.857529 -0.000000
-0.839353 0.146069
-0.787161 0.283287
-0.706226 0.405184
-0.602630 0.507949
-0.482086 0.589705
-0.349570 0.649729
-0.209367 0.687914
-0.065239 0.704460
0.079381 0.699731
0.221219 0.674189
0.356998 0.628392
0.483281 0.563037
0.596316 0.479072
0.691919 0.377905
0.765478 0.261751
0.812286 0.134086
0.828416 -0.000000
0.888139 -0.000000
0.871322 -0.147024
0.822253 -0.287452
0.744552 -0.415820
0.642786 -0.528139
0.521649 -0.621666
0.385593 -0.694535
0.238770 -0.745442
0.085103 -0.773453
-0.071599 -0.777897
-0.227509 -0.758324
-0.378651 -0.714517
-0.520759 -0.646556
-0.649128 -0.554969
-0.758509 -0.441031
-0.843148 -0.307242
-0.897214 -0.157980
-0.915906 -0.000000
-0.897214 0.157980
-0.843148 0.307242
-0.758509 0.441031
-0.649128 0.554969
-0.520759 0.646556
-0.378651 0.714517
-0.227509 0.758324
-0.071599 0.777897
0.085103 0.773453
0.238770 0.745442
0.385593 0.694535
0.521649 0.621666
0.642786 0.528139
0.744552 0.415820
0.822253 0.287452
0.871322 0.147024
0.888139 -0.000000
0.953995 0.000000
0.936335 -0.161051
0.884597 -0.315266
0.802175 -0.456782
0.693532 -0.581090
0.563458 -0.684901
0.416686 -0.765852
0.257794 -0.822249
0.091226 -0.852895
-0.078624 -0.856995
-0.247329 -0.834121
-0.410327 -0.784230
-0.562822 -0.707727
-0.699689 -0.605604
-0.815419 -0.479714
-0.904230 -0.333183
-0.960517 -0.170932
-0.979869 -0.000000
-0.960517 0.170932
-0.904230 0.333183
-0.815419 0.479714
-0.699689 0.605604
-0.562822 0.707727
-0.410327 0.784230
-0.247329 0.834121
-0.078624 0.856995
0.091226 0.852895
0.257794 0.822249
0.416686 0.765852
0.563458 0.684901
0.693532 0.581090
0.802175 0.456782
0.884597 0.315266
0.936335 0.161051
0.953995 0.000000
1.026354 0.000000
1.007704 -0.176285
0.952901 -0.345432
0.865167 -0.501152
0.748897 -0.638394
0.608992 -0.753294
0.450487 -0.842958
0.278414 -0.905266
0.097786 -0.938726
-0.086369 -0.942410
-0.268967 -0.915927
-0.444816 -0.859437
-0.608561 -0.773710
-0.754647 -0.660253
-0.877318 -0.521527
-0.970770 -0.361292
-1.029607 -0.185005
-1.049748 -0.000000
-1.029607 0.185005
-0.970770 0.361292
-0.877318 0.521527
-0.754647 0.660253
-0.608561 0.773710
-0.444816 0.859437
-0.268967 0.915927
-0.086369 0.942410
0.097786 0.938726
0.278414 0.905266
0.450487 0.842958
0.608992 0.753294
0.748897 0.638394
0.865167 0.501152
0.952901 0.345432
1.007704 0.176285
1.026354 0.000000
1.105610 -0.000000
1.085830 -0.192854
1.027573 -0.378213
0.933927 -0.549324
0.809244 -0.700565
0.658556 -0.827458
0.487221 -0.926541
0.300764 -0.995222
0.104818 -1.031691
-0.094897 -1.034877
-0.292580 -1.004435
-0.482355 -0.940763
-0.658280 -0.845047
-0.814355 -0.719349
-0.944581 -0.566783
-1.043141 -0.391764
-1.104840 -0.200287
-1.125884 -0.000000
-1.104840 0.200287
-1.043141 0.391764
-0.944581 0.566783
-0.814355 0.719349
-0.658280 0.845047
-0.482355 0.940763
-0.292580 1.004435
-0.094897 1.034877
0.104818 1.031691
0.300764 0.995222
0.487221 0.926541
0.658556 0.827458
0.809244 0.700565
0.933927 0.549324
1.027573 0.378213
1.085830 0.192854
1.105610 -0.000000
1.192176 -0.000000
1.171133 -0.210902
1.109040 -0.413900
1.008873 -0.601736
0.874957 -0.768174
0.712472 -0.908081
0.527128 -1.017371
0.324986 -1.092941
0.112356 -1.132632
-0.104280 -1.135221
-0.318338 -1.100424
-0.523206 -1.028911
-0.712308 -0.922333
-0.879186 -0.783367
-1.017598 -0.615826
-1.121728 -0.424812
-1.186579 -0.216877
-1.208629 -0.000000
-1.186579 0.216877
-1.121728 0.424812
-1.017598 0.615826
-0.879186 0.783367
-0.712308 0.922333
-0.523206 1.028911
-0.318338 1.100424
-0.104280 1.135221
0.112356 1.132632
0.324986 1.092941
0.527128 1.017371
0.712472 0.908081
0.874957 0.768174
1.008873 0.601736
1.109040 0.413900
1.171133 0.210902
1.192176 -0.000000
1.286479 -0.000000
1.264048 -0.230589
1.197747 -0.452817
1.090445 -0.658875
0.946445 -0.841865
0.771089 -0.995935
0.570470 -1.116321
0.351235 -1.199357
0.120440 -1.242505
-0.114596 -1.244379
-0.346433 -1.204774
-0.567652 -1.124670
-0.771002 -1.006236
-0.949537 -0.852832
-1.096777 -0.669031
-1.206920 -0.460669
-1.275188 -0.234883
-1.298334 -0.000000
-1.275188 0.234883
-1.206920 0.460669
-1.096777 0.669031
-0.949537 0.852832
-0.771002 1.006236
-0.567652 1.124670
-0.346433 1.204774
-0.114596 1.244379
0.120440 1.242505
0.351235 1.199357
0.570470 1.116321
0.771089 0.995935
0.946445 0.841865
1.090445 0.658875
1.197747 0.452817
1.264048 0.230589
1.286479 -0.000000
1.388947 -0.000000
1.365012 -0.252094
1.294148 -0.495330
1.179102 -0.721299
1.024142 -0.922372
0.834781 -1.091909
0.617527 -1.224393
0.379678 -1.315543
0.129108 -1.362406
-0.125937 -1.363426
-0.377074 -1.318492
-0.616005 -1.228937
-0.834744 -1.097512
-1.025830 -0.928334
-1.182540 -0.726816
-1.299115 -0.499591
-1.371032 -0.254422
-1.395348 -0.000000
-1.371032 0.254422
-1.299115 0.499591
-1.182540 0.726816
-1.025830 0.928334
-0.834744 1.097512
-0.616005 1.228937
-0.377074 1.318492
-0.125937 1.363426
0.129108 1.362406
0.379678 1.315543
0.617527 1.224393
0.834781 1.091909
1.024142 0.922372
1.179102 0.721299
1.294148 0.495330
1.365012 0.252094
1.388947 -0.000000
1.500000 -0.000000
1.474460 -0.275624
1.398708 -0.541862
1.275326 -0.789648
1.108513 -1.010543
0.903952 -1.197026
0.668608 -1.342745
0.410494 -1.442738
0.138403 -1.493601
-0.138403 -1.493601
-0.410494 -1.442738
-0.668608 -1.342745
-0.903952 -1.197026
-1.108513 -1.010543
-1.275326 -0.789648
-1.398708 -0.541862
-1.474460 -0.275624
-1.500000 -0.000000
-1.474460 0.275624
-1.398708 0.541862
-1.275326 0.789648
-1.108513 1.010543
-0.903952 1.197026
-0.668608 1.342745
-0.410494 1.442738
-0.138403 1.493601
0.138403 1.493601
0.410494 1.442738
0.668608 1.342745
0.903952 1.197026
1.108513 1.010543
1.275326 0.789648
1.398708 0.541862
1.474460 0.275624
1.500000 0.000000
];
figure;
hold on;
plot(data(:,1), data(:,2));
%x = data1(1, 1)
for j = 1:21
    for i = 1:35
        x1(i) = data((((j-1)*35)+i),1);
        y1(i) = data((((j-1)*35)+i),2);
    end
    plot(x1, y1);
end
for i = 1:35
    for j = 1:21
        x2(j) = data((((j-1)*35)+i),1);
        y2(j) = data((((j-1)*35)+i),2);
    end
    plot(x2, y2);
end

% for c = 1:2
%     for r = 1:35
%     airfoil(r, c) = data(r, c);
%     outtergrid(r, c) = data(((size(data, 1)) - (35 - (r))),c);
%     end
% end
% for r = 1:35
%     a = [airfoil(r, 1) outtergrid(r, 1)]
%     b = [airfoil(r, 2) outtergrid(r, 2)]
%     plot(a, b)
%     axis equal
%     line(a, b)
% end
axis equal;
title('Algebraic Grid Point Distribution for the Doubly-Connected Region');
ylim([-1.5 1.5]);
hold off;
%%%%
figure;
hold on;
%x = data2(1, 1)
for j = 1:21
    for i = 1:35
        x1(i) = data2((((j-1)*35)+i),1);
        y1(i) = data2((((j-1)*35)+i),2);
    end
    plot(x1, y1);
end
for i = 1:35
    for j = 1:21
        x2(j) = data2((((j-1)*35)+i),1);
        y2(j) = data2((((j-1)*35)+i),2);
    end
    plot(x2, y2);
end


% for c = 1:2
%     for r = 1:35
%     airfoil(r, c) = data2(r, c);
%     outtergrid(r, c) = data2(((size(data2, 1)) - (35 - (r))),c);
%     end
% end
% for r = 1:35
%     a = [airfoil(r, 1) outtergrid(r, 1)]
%     b = [airfoil(r, 2) outtergrid(r, 2)]
%     plot(a, b)
%     axis equal
%     line(a, b)
% end
axis equal;
title('Elliptic Grid Point Distribution for the Doubly-Connected Region');
ylim([-1.5 1.5]);
hold off;
